                       Investment  total_profit       MDD  std_profit  mean_profit  total_pos  wining_pos        ROI  Sharpe_Ratio   Win_Rate      Score
Port_IDs                                                                                                                                                
3733192481840423936  5.528548e+10   2923.977200  0.760355   70.418447     4.243799        689         553   0.000005      0.060265  80.261248  32.034492
3986814617275053313  1.771623e+07  16337.461881  0.000149   13.939083     4.596922       3554        2780   0.092217      0.329787  78.221722  31.349318
3886752488982104320  1.992630e+10   7195.178325  0.030571   25.982852     5.760751       1249         931   0.000036      0.221714  74.539632  29.834978
3956048468100538880  5.642141e+09   1373.564890  0.000000   93.464378    49.055889         28          20   0.000024      0.524862  71.428571  28.623922
3891020560590657281  4.194558e+04   2856.300564  0.000000   15.113304     6.536157        437         283   6.809539      0.432477  64.759725  27.990000
3977234346014419201  6.614982e+03   2427.292831  0.000000   95.966687    29.244492         83          33  36.693867      0.304736  39.759036  26.942248
4013955990069013504  2.261678e+06   1690.027050  4.912135   20.589140     4.720746        358         236   0.074724      0.229283  65.921788  25.922847
3907081197088384000  4.697913e+07  18015.997370  0.242908   19.552192     4.354846       4137        2540   0.038349      0.222729  61.397148  24.568346
3826087012661391104  1.901015e+07    532.656974  0.050348    7.305582     4.932009        108          63   0.002802      0.675101  58.333333  23.396649
4039279455324236544  5.646955e+04   1038.807419  0.000000    6.734983     3.176781        327         181   1.839589      0.471684  55.351682  22.739718
4017110277719148289  6.508222e+09   2899.933021  0.000000   29.205381    11.507671        252         143   0.000045      0.394026  56.746032  22.737829
4000222729738650369  2.364198e+09   1803.620133  0.610725    7.588886     1.882693        958         537   0.000076      0.248086  56.054280  22.385471
3994879592543698688  1.155451e+09   3658.765062  0.156883   46.932823     5.603009        653         361   0.000317      0.119384  55.283308  22.109668
4032403303704824321  2.722276e+09   2060.570520  0.876380   85.689640     9.240227        223         123   0.000076      0.107834  55.156951  21.985948
3943533600390906881  1.183735e+09   2361.424572  0.014247    3.136058     1.342481       1759         964   0.000199      0.428079  54.803866  21.962989
4028701921959171840  2.837121e+11  17601.401398  0.045177   92.921483    25.620672        687         373   0.000006      0.275724  54.294032  21.740669
4008804082027254529  1.261963e+11   3332.733459  1.788920   88.338219     3.418188        975         527   0.000003      0.038694  54.051282  21.445491
4022565861939831809  4.025859e+11  14197.577076  0.108960   67.217116    20.138407        705         372   0.000004      0.299602  52.765957  21.125448
4030635536196756737  1.890473e+10   2581.614175  0.139582   22.045105     1.995065       1294         679   0.000014      0.090499  52.472952  20.984277
3999240873283311617  4.265337e+07  42574.473679  0.052816   41.383493     9.414965       4522        2366   0.099815      0.227505  52.321981  20.976206